[1, 12, 2, 3, 1, 1, 2, 3, 1, 3, 4, 3, 1, 5, 0, 3, 2, 13, 1, 19, 1, 10, 19, 23, 1, 23, 9, 27, 1, 5, 27, 31, 2, 31, 13, 35, 1, 35, 5, 39, 1, 39, 5, 43, 2, 13, 43, 47, 2, 47, 10, 51, 1, 51, 6, 55, 2, 55, 9, 59, 1, 59, 5, 63, 1, 63, 13, 67, 2, 67, 6, 71, 1, 71, 5, 75, 1, 75, 5, 79, 1, 79, 9, 83, 1, 10, 83, 87, 1, 87, 10, 91, 1, 91, 9, 95, 1, 10, 95, 99, 1, 10, 99, 103, 2, 103, 10, 107, 1, 107, 9, 111, 2, 6, 111, 115, 1, 5, 115, 119, 2, 119, 13, 123, 1, 6, 123, 127, 2, 9, 127, 131, 1, 131, 5, 135, 1, 135, 13, 139, 1, 139, 10, 143, 1, 2, 143, 147, 1, 147, 10, 0, 99, 2, 0, 14, 0]
index 0 opCode 1
	add_index_1 1 add_index_value_1 12 
	add_index_2 2 add_index_value_2 2 
	added destination_value 14 destination_index 3 
[1, 12, 2, 14, 1, 1, 2, 3, 1, 3, 4, 3, 1, 5, 0, 3, 2, 13, 1, 19, 1, 10, 19, 23, 1, 23, 9, 27, 1, 5, 27, 31, 2, 31, 13, 35, 1, 35, 5, 39, 1, 39, 5, 43, 2, 13, 43, 47, 2, 47, 10, 51, 1, 51, 6, 55, 2, 55, 9, 59, 1, 59, 5, 63, 1, 63, 13, 67, 2, 67, 6, 71, 1, 71, 5, 75, 1, 75, 5, 79, 1, 79, 9, 83, 1, 10, 83, 87, 1, 87, 10, 91, 1, 91, 9, 95, 1, 10, 95, 99, 1, 10, 99, 103, 2, 103, 10, 107, 1, 107, 9, 111, 2, 6, 111, 115, 1, 5, 115, 119, 2, 119, 13, 123, 1, 6, 123, 127, 2, 9, 127, 131, 1, 131, 5, 135, 1, 135, 13, 139, 1, 139, 10, 143, 1, 2, 143, 147, 1, 147, 10, 0, 99, 2, 0, 14, 0]
index 4 opCode 1
	add_index_1 5 add_index_value_1 1 
	add_index_2 6 add_index_value_2 2 
	added destination_value 3 destination_index 3 
[1, 12, 2, 3, 1, 1, 2, 3, 1, 3, 4, 3, 1, 5, 0, 3, 2, 13, 1, 19, 1, 10, 19, 23, 1, 23, 9, 27, 1, 5, 27, 31, 2, 31, 13, 35, 1, 35, 5, 39, 1, 39, 5, 43, 2, 13, 43, 47, 2, 47, 10, 51, 1, 51, 6, 55, 2, 55, 9, 59, 1, 59, 5, 63, 1, 63, 13, 67, 2, 67, 6, 71, 1, 71, 5, 75, 1, 75, 5, 79, 1, 79, 9, 83, 1, 10, 83, 87, 1, 87, 10, 91, 1, 91, 9, 95, 1, 10, 95, 99, 1, 10, 99, 103, 2, 103, 10, 107, 1, 107, 9, 111, 2, 6, 111, 115, 1, 5, 115, 119, 2, 119, 13, 123, 1, 6, 123, 127, 2, 9, 127, 131, 1, 131, 5, 135, 1, 135, 13, 139, 1, 139, 10, 143, 1, 2, 143, 147, 1, 147, 10, 0, 99, 2, 0, 14, 0]
index 8 opCode 1
	add_index_1 9 add_index_value_1 3 
	add_index_2 10 add_index_value_2 4 
	added destination_value 7 destination_index 3 
[1, 12, 2, 7, 1, 1, 2, 3, 1, 3, 4, 3, 1, 5, 0, 3, 2, 13, 1, 19, 1, 10, 19, 23, 1, 23, 9, 27, 1, 5, 27, 31, 2, 31, 13, 35, 1, 35, 5, 39, 1, 39, 5, 43, 2, 13, 43, 47, 2, 47, 10, 51, 1, 51, 6, 55, 2, 55, 9, 59, 1, 59, 5, 63, 1, 63, 13, 67, 2, 67, 6, 71, 1, 71, 5, 75, 1, 75, 5, 79, 1, 79, 9, 83, 1, 10, 83, 87, 1, 87, 10, 91, 1, 91, 9, 95, 1, 10, 95, 99, 1, 10, 99, 103, 2, 103, 10, 107, 1, 107, 9, 111, 2, 6, 111, 115, 1, 5, 115, 119, 2, 119, 13, 123, 1, 6, 123, 127, 2, 9, 127, 131, 1, 131, 5, 135, 1, 135, 13, 139, 1, 139, 10, 143, 1, 2, 143, 147, 1, 147, 10, 0, 99, 2, 0, 14, 0]
index 12 opCode 1
	add_index_1 13 add_index_value_1 5 
	add_index_2 14 add_index_value_2 0 
	added destination_value 5 destination_index 3 
[1, 12, 2, 5, 1, 1, 2, 3, 1, 3, 4, 3, 1, 5, 0, 3, 2, 13, 1, 19, 1, 10, 19, 23, 1, 23, 9, 27, 1, 5, 27, 31, 2, 31, 13, 35, 1, 35, 5, 39, 1, 39, 5, 43, 2, 13, 43, 47, 2, 47, 10, 51, 1, 51, 6, 55, 2, 55, 9, 59, 1, 59, 5, 63, 1, 63, 13, 67, 2, 67, 6, 71, 1, 71, 5, 75, 1, 75, 5, 79, 1, 79, 9, 83, 1, 10, 83, 87, 1, 87, 10, 91, 1, 91, 9, 95, 1, 10, 95, 99, 1, 10, 99, 103, 2, 103, 10, 107, 1, 107, 9, 111, 2, 6, 111, 115, 1, 5, 115, 119, 2, 119, 13, 123, 1, 6, 123, 127, 2, 9, 127, 131, 1, 131, 5, 135, 1, 135, 13, 139, 1, 139, 10, 143, 1, 2, 143, 147, 1, 147, 10, 0, 99, 2, 0, 14, 0]
index 16 opCode 2
	multiply_index_1 17 multiply_index_value_1 13 
	multiply_index_2 18 multiply_index_value_2 1 
	destination_index 19 destination_value 19 
[1, 12, 2, 5, 1, 1, 2, 3, 1, 3, 4, 3, 1, 5, 0, 3, 2, 13, 1, 13, 1, 10, 19, 23, 1, 23, 9, 27, 1, 5, 27, 31, 2, 31, 13, 35, 1, 35, 5, 39, 1, 39, 5, 43, 2, 13, 43, 47, 2, 47, 10, 51, 1, 51, 6, 55, 2, 55, 9, 59, 1, 59, 5, 63, 1, 63, 13, 67, 2, 67, 6, 71, 1, 71, 5, 75, 1, 75, 5, 79, 1, 79, 9, 83, 1, 10, 83, 87, 1, 87, 10, 91, 1, 91, 9, 95, 1, 10, 95, 99, 1, 10, 99, 103, 2, 103, 10, 107, 1, 107, 9, 111, 2, 6, 111, 115, 1, 5, 115, 119, 2, 119, 13, 123, 1, 6, 123, 127, 2, 9, 127, 131, 1, 131, 5, 135, 1, 135, 13, 139, 1, 139, 10, 143, 1, 2, 143, 147, 1, 147, 10, 0, 99, 2, 0, 14, 0]
index 20 opCode 1
	add_index_1 21 add_index_value_1 10 
	add_index_2 22 add_index_value_2 19 
	added destination_value 29 destination_index 23 
[1, 12, 2, 5, 1, 1, 2, 3, 1, 3, 4, 3, 1, 5, 0, 3, 2, 13, 1, 13, 1, 10, 19, 29, 1, 23, 9, 27, 1, 5, 27, 31, 2, 31, 13, 35, 1, 35, 5, 39, 1, 39, 5, 43, 2, 13, 43, 47, 2, 47, 10, 51, 1, 51, 6, 55, 2, 55, 9, 59, 1, 59, 5, 63, 1, 63, 13, 67, 2, 67, 6, 71, 1, 71, 5, 75, 1, 75, 5, 79, 1, 79, 9, 83, 1, 10, 83, 87, 1, 87, 10, 91, 1, 91, 9, 95, 1, 10, 95, 99, 1, 10, 99, 103, 2, 103, 10, 107, 1, 107, 9, 111, 2, 6, 111, 115, 1, 5, 115, 119, 2, 119, 13, 123, 1, 6, 123, 127, 2, 9, 127, 131, 1, 131, 5, 135, 1, 135, 13, 139, 1, 139, 10, 143, 1, 2, 143, 147, 1, 147, 10, 0, 99, 2, 0, 14, 0]
index 24 opCode 1
	add_index_1 25 add_index_value_1 23 
	add_index_2 26 add_index_value_2 9 
	added destination_value 32 destination_index 27 
[1, 12, 2, 5, 1, 1, 2, 3, 1, 3, 4, 3, 1, 5, 0, 3, 2, 13, 1, 13, 1, 10, 19, 29, 1, 23, 9, 32, 1, 5, 27, 31, 2, 31, 13, 35, 1, 35, 5, 39, 1, 39, 5, 43, 2, 13, 43, 47, 2, 47, 10, 51, 1, 51, 6, 55, 2, 55, 9, 59, 1, 59, 5, 63, 1, 63, 13, 67, 2, 67, 6, 71, 1, 71, 5, 75, 1, 75, 5, 79, 1, 79, 9, 83, 1, 10, 83, 87, 1, 87, 10, 91, 1, 91, 9, 95, 1, 10, 95, 99, 1, 10, 99, 103, 2, 103, 10, 107, 1, 107, 9, 111, 2, 6, 111, 115, 1, 5, 115, 119, 2, 119, 13, 123, 1, 6, 123, 127, 2, 9, 127, 131, 1, 131, 5, 135, 1, 135, 13, 139, 1, 139, 10, 143, 1, 2, 143, 147, 1, 147, 10, 0, 99, 2, 0, 14, 0]
index 28 opCode 1
	add_index_1 29 add_index_value_1 5 
	add_index_2 30 add_index_value_2 27 
	added destination_value 32 destination_index 31 
[1, 12, 2, 5, 1, 1, 2, 3, 1, 3, 4, 3, 1, 5, 0, 3, 2, 13, 1, 13, 1, 10, 19, 29, 1, 23, 9, 32, 1, 5, 27, 32, 2, 31, 13, 35, 1, 35, 5, 39, 1, 39, 5, 43, 2, 13, 43, 47, 2, 47, 10, 51, 1, 51, 6, 55, 2, 55, 9, 59, 1, 59, 5, 63, 1, 63, 13, 67, 2, 67, 6, 71, 1, 71, 5, 75, 1, 75, 5, 79, 1, 79, 9, 83, 1, 10, 83, 87, 1, 87, 10, 91, 1, 91, 9, 95, 1, 10, 95, 99, 1, 10, 99, 103, 2, 103, 10, 107, 1, 107, 9, 111, 2, 6, 111, 115, 1, 5, 115, 119, 2, 119, 13, 123, 1, 6, 123, 127, 2, 9, 127, 131, 1, 131, 5, 135, 1, 135, 13, 139, 1, 139, 10, 143, 1, 2, 143, 147, 1, 147, 10, 0, 99, 2, 0, 14, 0]
index 32 opCode 2
	multiply_index_1 33 multiply_index_value_1 31 
	multiply_index_2 34 multiply_index_value_2 13 
	destination_index 35 destination_value 35 
[1, 12, 2, 5, 1, 1, 2, 3, 1, 3, 4, 3, 1, 5, 0, 3, 2, 13, 1, 13, 1, 10, 19, 29, 1, 23, 9, 32, 1, 5, 27, 32, 2, 31, 13, 403, 1, 35, 5, 39, 1, 39, 5, 43, 2, 13, 43, 47, 2, 47, 10, 51, 1, 51, 6, 55, 2, 55, 9, 59, 1, 59, 5, 63, 1, 63, 13, 67, 2, 67, 6, 71, 1, 71, 5, 75, 1, 75, 5, 79, 1, 79, 9, 83, 1, 10, 83, 87, 1, 87, 10, 91, 1, 91, 9, 95, 1, 10, 95, 99, 1, 10, 99, 103, 2, 103, 10, 107, 1, 107, 9, 111, 2, 6, 111, 115, 1, 5, 115, 119, 2, 119, 13, 123, 1, 6, 123, 127, 2, 9, 127, 131, 1, 131, 5, 135, 1, 135, 13, 139, 1, 139, 10, 143, 1, 2, 143, 147, 1, 147, 10, 0, 99, 2, 0, 14, 0]
index 36 opCode 1
	add_index_1 37 add_index_value_1 35 
	add_index_2 38 add_index_value_2 5 
	added destination_value 40 destination_index 39 
[1, 12, 2, 5, 1, 1, 2, 3, 1, 3, 4, 3, 1, 5, 0, 3, 2, 13, 1, 13, 1, 10, 19, 29, 1, 23, 9, 32, 1, 5, 27, 32, 2, 31, 13, 403, 1, 35, 5, 40, 1, 39, 5, 43, 2, 13, 43, 47, 2, 47, 10, 51, 1, 51, 6, 55, 2, 55, 9, 59, 1, 59, 5, 63, 1, 63, 13, 67, 2, 67, 6, 71, 1, 71, 5, 75, 1, 75, 5, 79, 1, 79, 9, 83, 1, 10, 83, 87, 1, 87, 10, 91, 1, 91, 9, 95, 1, 10, 95, 99, 1, 10, 99, 103, 2, 103, 10, 107, 1, 107, 9, 111, 2, 6, 111, 115, 1, 5, 115, 119, 2, 119, 13, 123, 1, 6, 123, 127, 2, 9, 127, 131, 1, 131, 5, 135, 1, 135, 13, 139, 1, 139, 10, 143, 1, 2, 143, 147, 1, 147, 10, 0, 99, 2, 0, 14, 0]
index 40 opCode 1
	add_index_1 41 add_index_value_1 39 
	add_index_2 42 add_index_value_2 5 
	added destination_value 44 destination_index 43 
[1, 12, 2, 5, 1, 1, 2, 3, 1, 3, 4, 3, 1, 5, 0, 3, 2, 13, 1, 13, 1, 10, 19, 29, 1, 23, 9, 32, 1, 5, 27, 32, 2, 31, 13, 403, 1, 35, 5, 40, 1, 39, 5, 44, 2, 13, 43, 47, 2, 47, 10, 51, 1, 51, 6, 55, 2, 55, 9, 59, 1, 59, 5, 63, 1, 63, 13, 67, 2, 67, 6, 71, 1, 71, 5, 75, 1, 75, 5, 79, 1, 79, 9, 83, 1, 10, 83, 87, 1, 87, 10, 91, 1, 91, 9, 95, 1, 10, 95, 99, 1, 10, 99, 103, 2, 103, 10, 107, 1, 107, 9, 111, 2, 6, 111, 115, 1, 5, 115, 119, 2, 119, 13, 123, 1, 6, 123, 127, 2, 9, 127, 131, 1, 131, 5, 135, 1, 135, 13, 139, 1, 139, 10, 143, 1, 2, 143, 147, 1, 147, 10, 0, 99, 2, 0, 14, 0]
index 44 opCode 2
	multiply_index_1 45 multiply_index_value_1 13 
	multiply_index_2 46 multiply_index_value_2 43 
	destination_index 47 destination_value 47 
[1, 12, 2, 5, 1, 1, 2, 3, 1, 3, 4, 3, 1, 5, 0, 3, 2, 13, 1, 13, 1, 10, 19, 29, 1, 23, 9, 32, 1, 5, 27, 32, 2, 31, 13, 403, 1, 35, 5, 40, 1, 39, 5, 44, 2, 13, 43, 559, 2, 47, 10, 51, 1, 51, 6, 55, 2, 55, 9, 59, 1, 59, 5, 63, 1, 63, 13, 67, 2, 67, 6, 71, 1, 71, 5, 75, 1, 75, 5, 79, 1, 79, 9, 83, 1, 10, 83, 87, 1, 87, 10, 91, 1, 91, 9, 95, 1, 10, 95, 99, 1, 10, 99, 103, 2, 103, 10, 107, 1, 107, 9, 111, 2, 6, 111, 115, 1, 5, 115, 119, 2, 119, 13, 123, 1, 6, 123, 127, 2, 9, 127, 131, 1, 131, 5, 135, 1, 135, 13, 139, 1, 139, 10, 143, 1, 2, 143, 147, 1, 147, 10, 0, 99, 2, 0, 14, 0]
index 48 opCode 2
	multiply_index_1 49 multiply_index_value_1 47 
	multiply_index_2 50 multiply_index_value_2 10 
	destination_index 51 destination_value 51 
[1, 12, 2, 5, 1, 1, 2, 3, 1, 3, 4, 3, 1, 5, 0, 3, 2, 13, 1, 13, 1, 10, 19, 29, 1, 23, 9, 32, 1, 5, 27, 32, 2, 31, 13, 403, 1, 35, 5, 40, 1, 39, 5, 44, 2, 13, 43, 559, 2, 47, 10, 470, 1, 51, 6, 55, 2, 55, 9, 59, 1, 59, 5, 63, 1, 63, 13, 67, 2, 67, 6, 71, 1, 71, 5, 75, 1, 75, 5, 79, 1, 79, 9, 83, 1, 10, 83, 87, 1, 87, 10, 91, 1, 91, 9, 95, 1, 10, 95, 99, 1, 10, 99, 103, 2, 103, 10, 107, 1, 107, 9, 111, 2, 6, 111, 115, 1, 5, 115, 119, 2, 119, 13, 123, 1, 6, 123, 127, 2, 9, 127, 131, 1, 131, 5, 135, 1, 135, 13, 139, 1, 139, 10, 143, 1, 2, 143, 147, 1, 147, 10, 0, 99, 2, 0, 14, 0]
index 52 opCode 1
	add_index_1 53 add_index_value_1 51 
	add_index_2 54 add_index_value_2 6 
	added destination_value 57 destination_index 55 
[1, 12, 2, 5, 1, 1, 2, 3, 1, 3, 4, 3, 1, 5, 0, 3, 2, 13, 1, 13, 1, 10, 19, 29, 1, 23, 9, 32, 1, 5, 27, 32, 2, 31, 13, 403, 1, 35, 5, 40, 1, 39, 5, 44, 2, 13, 43, 559, 2, 47, 10, 470, 1, 51, 6, 57, 2, 55, 9, 59, 1, 59, 5, 63, 1, 63, 13, 67, 2, 67, 6, 71, 1, 71, 5, 75, 1, 75, 5, 79, 1, 79, 9, 83, 1, 10, 83, 87, 1, 87, 10, 91, 1, 91, 9, 95, 1, 10, 95, 99, 1, 10, 99, 103, 2, 103, 10, 107, 1, 107, 9, 111, 2, 6, 111, 115, 1, 5, 115, 119, 2, 119, 13, 123, 1, 6, 123, 127, 2, 9, 127, 131, 1, 131, 5, 135, 1, 135, 13, 139, 1, 139, 10, 143, 1, 2, 143, 147, 1, 147, 10, 0, 99, 2, 0, 14, 0]
index 56 opCode 2
	multiply_index_1 57 multiply_index_value_1 55 
	multiply_index_2 58 multiply_index_value_2 9 
	destination_index 59 destination_value 59 
[1, 12, 2, 5, 1, 1, 2, 3, 1, 3, 4, 3, 1, 5, 0, 3, 2, 13, 1, 13, 1, 10, 19, 29, 1, 23, 9, 32, 1, 5, 27, 32, 2, 31, 13, 403, 1, 35, 5, 40, 1, 39, 5, 44, 2, 13, 43, 559, 2, 47, 10, 470, 1, 51, 6, 57, 2, 55, 9, 495, 1, 59, 5, 63, 1, 63, 13, 67, 2, 67, 6, 71, 1, 71, 5, 75, 1, 75, 5, 79, 1, 79, 9, 83, 1, 10, 83, 87, 1, 87, 10, 91, 1, 91, 9, 95, 1, 10, 95, 99, 1, 10, 99, 103, 2, 103, 10, 107, 1, 107, 9, 111, 2, 6, 111, 115, 1, 5, 115, 119, 2, 119, 13, 123, 1, 6, 123, 127, 2, 9, 127, 131, 1, 131, 5, 135, 1, 135, 13, 139, 1, 139, 10, 143, 1, 2, 143, 147, 1, 147, 10, 0, 99, 2, 0, 14, 0]
index 60 opCode 1
	add_index_1 61 add_index_value_1 59 
	add_index_2 62 add_index_value_2 5 
	added destination_value 64 destination_index 63 
[1, 12, 2, 5, 1, 1, 2, 3, 1, 3, 4, 3, 1, 5, 0, 3, 2, 13, 1, 13, 1, 10, 19, 29, 1, 23, 9, 32, 1, 5, 27, 32, 2, 31, 13, 403, 1, 35, 5, 40, 1, 39, 5, 44, 2, 13, 43, 559, 2, 47, 10, 470, 1, 51, 6, 57, 2, 55, 9, 495, 1, 59, 5, 64, 1, 63, 13, 67, 2, 67, 6, 71, 1, 71, 5, 75, 1, 75, 5, 79, 1, 79, 9, 83, 1, 10, 83, 87, 1, 87, 10, 91, 1, 91, 9, 95, 1, 10, 95, 99, 1, 10, 99, 103, 2, 103, 10, 107, 1, 107, 9, 111, 2, 6, 111, 115, 1, 5, 115, 119, 2, 119, 13, 123, 1, 6, 123, 127, 2, 9, 127, 131, 1, 131, 5, 135, 1, 135, 13, 139, 1, 139, 10, 143, 1, 2, 143, 147, 1, 147, 10, 0, 99, 2, 0, 14, 0]
index 64 opCode 1
	add_index_1 65 add_index_value_1 63 
	add_index_2 66 add_index_value_2 13 
	added destination_value 76 destination_index 67 
[1, 12, 2, 5, 1, 1, 2, 3, 1, 3, 4, 3, 1, 5, 0, 3, 2, 13, 1, 13, 1, 10, 19, 29, 1, 23, 9, 32, 1, 5, 27, 32, 2, 31, 13, 403, 1, 35, 5, 40, 1, 39, 5, 44, 2, 13, 43, 559, 2, 47, 10, 470, 1, 51, 6, 57, 2, 55, 9, 495, 1, 59, 5, 64, 1, 63, 13, 76, 2, 67, 6, 71, 1, 71, 5, 75, 1, 75, 5, 79, 1, 79, 9, 83, 1, 10, 83, 87, 1, 87, 10, 91, 1, 91, 9, 95, 1, 10, 95, 99, 1, 10, 99, 103, 2, 103, 10, 107, 1, 107, 9, 111, 2, 6, 111, 115, 1, 5, 115, 119, 2, 119, 13, 123, 1, 6, 123, 127, 2, 9, 127, 131, 1, 131, 5, 135, 1, 135, 13, 139, 1, 139, 10, 143, 1, 2, 143, 147, 1, 147, 10, 0, 99, 2, 0, 14, 0]
index 68 opCode 2
	multiply_index_1 69 multiply_index_value_1 67 
	multiply_index_2 70 multiply_index_value_2 6 
	destination_index 71 destination_value 71 
[1, 12, 2, 5, 1, 1, 2, 3, 1, 3, 4, 3, 1, 5, 0, 3, 2, 13, 1, 13, 1, 10, 19, 29, 1, 23, 9, 32, 1, 5, 27, 32, 2, 31, 13, 403, 1, 35, 5, 40, 1, 39, 5, 44, 2, 13, 43, 559, 2, 47, 10, 470, 1, 51, 6, 57, 2, 55, 9, 495, 1, 59, 5, 64, 1, 63, 13, 76, 2, 67, 6, 402, 1, 71, 5, 75, 1, 75, 5, 79, 1, 79, 9, 83, 1, 10, 83, 87, 1, 87, 10, 91, 1, 91, 9, 95, 1, 10, 95, 99, 1, 10, 99, 103, 2, 103, 10, 107, 1, 107, 9, 111, 2, 6, 111, 115, 1, 5, 115, 119, 2, 119, 13, 123, 1, 6, 123, 127, 2, 9, 127, 131, 1, 131, 5, 135, 1, 135, 13, 139, 1, 139, 10, 143, 1, 2, 143, 147, 1, 147, 10, 0, 99, 2, 0, 14, 0]
index 72 opCode 1
	add_index_1 73 add_index_value_1 71 
	add_index_2 74 add_index_value_2 5 
	added destination_value 76 destination_index 75 
[1, 12, 2, 5, 1, 1, 2, 3, 1, 3, 4, 3, 1, 5, 0, 3, 2, 13, 1, 13, 1, 10, 19, 29, 1, 23, 9, 32, 1, 5, 27, 32, 2, 31, 13, 403, 1, 35, 5, 40, 1, 39, 5, 44, 2, 13, 43, 559, 2, 47, 10, 470, 1, 51, 6, 57, 2, 55, 9, 495, 1, 59, 5, 64, 1, 63, 13, 76, 2, 67, 6, 402, 1, 71, 5, 76, 1, 75, 5, 79, 1, 79, 9, 83, 1, 10, 83, 87, 1, 87, 10, 91, 1, 91, 9, 95, 1, 10, 95, 99, 1, 10, 99, 103, 2, 103, 10, 107, 1, 107, 9, 111, 2, 6, 111, 115, 1, 5, 115, 119, 2, 119, 13, 123, 1, 6, 123, 127, 2, 9, 127, 131, 1, 131, 5, 135, 1, 135, 13, 139, 1, 139, 10, 143, 1, 2, 143, 147, 1, 147, 10, 0, 99, 2, 0, 14, 0]
index 76 opCode 1
	add_index_1 77 add_index_value_1 75 
	add_index_2 78 add_index_value_2 5 
	added destination_value 80 destination_index 79 
[1, 12, 2, 5, 1, 1, 2, 3, 1, 3, 4, 3, 1, 5, 0, 3, 2, 13, 1, 13, 1, 10, 19, 29, 1, 23, 9, 32, 1, 5, 27, 32, 2, 31, 13, 403, 1, 35, 5, 40, 1, 39, 5, 44, 2, 13, 43, 559, 2, 47, 10, 470, 1, 51, 6, 57, 2, 55, 9, 495, 1, 59, 5, 64, 1, 63, 13, 76, 2, 67, 6, 402, 1, 71, 5, 76, 1, 75, 5, 80, 1, 79, 9, 83, 1, 10, 83, 87, 1, 87, 10, 91, 1, 91, 9, 95, 1, 10, 95, 99, 1, 10, 99, 103, 2, 103, 10, 107, 1, 107, 9, 111, 2, 6, 111, 115, 1, 5, 115, 119, 2, 119, 13, 123, 1, 6, 123, 127, 2, 9, 127, 131, 1, 131, 5, 135, 1, 135, 13, 139, 1, 139, 10, 143, 1, 2, 143, 147, 1, 147, 10, 0, 99, 2, 0, 14, 0]
index 80 opCode 1
	add_index_1 81 add_index_value_1 79 
	add_index_2 82 add_index_value_2 9 
	added destination_value 88 destination_index 83 
[1, 12, 2, 5, 1, 1, 2, 3, 1, 3, 4, 3, 1, 5, 0, 3, 2, 13, 1, 13, 1, 10, 19, 29, 1, 23, 9, 32, 1, 5, 27, 32, 2, 31, 13, 403, 1, 35, 5, 40, 1, 39, 5, 44, 2, 13, 43, 559, 2, 47, 10, 470, 1, 51, 6, 57, 2, 55, 9, 495, 1, 59, 5, 64, 1, 63, 13, 76, 2, 67, 6, 402, 1, 71, 5, 76, 1, 75, 5, 80, 1, 79, 9, 88, 1, 10, 83, 87, 1, 87, 10, 91, 1, 91, 9, 95, 1, 10, 95, 99, 1, 10, 99, 103, 2, 103, 10, 107, 1, 107, 9, 111, 2, 6, 111, 115, 1, 5, 115, 119, 2, 119, 13, 123, 1, 6, 123, 127, 2, 9, 127, 131, 1, 131, 5, 135, 1, 135, 13, 139, 1, 139, 10, 143, 1, 2, 143, 147, 1, 147, 10, 0, 99, 2, 0, 14, 0]
index 84 opCode 1
	add_index_1 85 add_index_value_1 10 
	add_index_2 86 add_index_value_2 83 
	added destination_value 93 destination_index 87 
[1, 12, 2, 5, 1, 1, 2, 3, 1, 3, 4, 3, 1, 5, 0, 3, 2, 13, 1, 13, 1, 10, 19, 29, 1, 23, 9, 32, 1, 5, 27, 32, 2, 31, 13, 403, 1, 35, 5, 40, 1, 39, 5, 44, 2, 13, 43, 559, 2, 47, 10, 470, 1, 51, 6, 57, 2, 55, 9, 495, 1, 59, 5, 64, 1, 63, 13, 76, 2, 67, 6, 402, 1, 71, 5, 76, 1, 75, 5, 80, 1, 79, 9, 88, 1, 10, 83, 93, 1, 87, 10, 91, 1, 91, 9, 95, 1, 10, 95, 99, 1, 10, 99, 103, 2, 103, 10, 107, 1, 107, 9, 111, 2, 6, 111, 115, 1, 5, 115, 119, 2, 119, 13, 123, 1, 6, 123, 127, 2, 9, 127, 131, 1, 131, 5, 135, 1, 135, 13, 139, 1, 139, 10, 143, 1, 2, 143, 147, 1, 147, 10, 0, 99, 2, 0, 14, 0]
index 88 opCode 1
	add_index_1 89 add_index_value_1 87 
	add_index_2 90 add_index_value_2 10 
	added destination_value 97 destination_index 91 
[1, 12, 2, 5, 1, 1, 2, 3, 1, 3, 4, 3, 1, 5, 0, 3, 2, 13, 1, 13, 1, 10, 19, 29, 1, 23, 9, 32, 1, 5, 27, 32, 2, 31, 13, 403, 1, 35, 5, 40, 1, 39, 5, 44, 2, 13, 43, 559, 2, 47, 10, 470, 1, 51, 6, 57, 2, 55, 9, 495, 1, 59, 5, 64, 1, 63, 13, 76, 2, 67, 6, 402, 1, 71, 5, 76, 1, 75, 5, 80, 1, 79, 9, 88, 1, 10, 83, 93, 1, 87, 10, 97, 1, 91, 9, 95, 1, 10, 95, 99, 1, 10, 99, 103, 2, 103, 10, 107, 1, 107, 9, 111, 2, 6, 111, 115, 1, 5, 115, 119, 2, 119, 13, 123, 1, 6, 123, 127, 2, 9, 127, 131, 1, 131, 5, 135, 1, 135, 13, 139, 1, 139, 10, 143, 1, 2, 143, 147, 1, 147, 10, 0, 99, 2, 0, 14, 0]
index 92 opCode 1
	add_index_1 93 add_index_value_1 91 
	add_index_2 94 add_index_value_2 9 
	added destination_value 100 destination_index 95 
[1, 12, 2, 5, 1, 1, 2, 3, 1, 3, 4, 3, 1, 5, 0, 3, 2, 13, 1, 13, 1, 10, 19, 29, 1, 23, 9, 32, 1, 5, 27, 32, 2, 31, 13, 403, 1, 35, 5, 40, 1, 39, 5, 44, 2, 13, 43, 559, 2, 47, 10, 470, 1, 51, 6, 57, 2, 55, 9, 495, 1, 59, 5, 64, 1, 63, 13, 76, 2, 67, 6, 402, 1, 71, 5, 76, 1, 75, 5, 80, 1, 79, 9, 88, 1, 10, 83, 93, 1, 87, 10, 97, 1, 91, 9, 100, 1, 10, 95, 99, 1, 10, 99, 103, 2, 103, 10, 107, 1, 107, 9, 111, 2, 6, 111, 115, 1, 5, 115, 119, 2, 119, 13, 123, 1, 6, 123, 127, 2, 9, 127, 131, 1, 131, 5, 135, 1, 135, 13, 139, 1, 139, 10, 143, 1, 2, 143, 147, 1, 147, 10, 0, 99, 2, 0, 14, 0]
index 96 opCode 1
	add_index_1 97 add_index_value_1 10 
	add_index_2 98 add_index_value_2 95 
	added destination_value 105 destination_index 99 
[1, 12, 2, 5, 1, 1, 2, 3, 1, 3, 4, 3, 1, 5, 0, 3, 2, 13, 1, 13, 1, 10, 19, 29, 1, 23, 9, 32, 1, 5, 27, 32, 2, 31, 13, 403, 1, 35, 5, 40, 1, 39, 5, 44, 2, 13, 43, 559, 2, 47, 10, 470, 1, 51, 6, 57, 2, 55, 9, 495, 1, 59, 5, 64, 1, 63, 13, 76, 2, 67, 6, 402, 1, 71, 5, 76, 1, 75, 5, 80, 1, 79, 9, 88, 1, 10, 83, 93, 1, 87, 10, 97, 1, 91, 9, 100, 1, 10, 95, 105, 1, 10, 99, 103, 2, 103, 10, 107, 1, 107, 9, 111, 2, 6, 111, 115, 1, 5, 115, 119, 2, 119, 13, 123, 1, 6, 123, 127, 2, 9, 127, 131, 1, 131, 5, 135, 1, 135, 13, 139, 1, 139, 10, 143, 1, 2, 143, 147, 1, 147, 10, 0, 99, 2, 0, 14, 0]
index 100 opCode 1
	add_index_1 101 add_index_value_1 10 
	add_index_2 102 add_index_value_2 99 
	added destination_value 109 destination_index 103 
[1, 12, 2, 5, 1, 1, 2, 3, 1, 3, 4, 3, 1, 5, 0, 3, 2, 13, 1, 13, 1, 10, 19, 29, 1, 23, 9, 32, 1, 5, 27, 32, 2, 31, 13, 403, 1, 35, 5, 40, 1, 39, 5, 44, 2, 13, 43, 559, 2, 47, 10, 470, 1, 51, 6, 57, 2, 55, 9, 495, 1, 59, 5, 64, 1, 63, 13, 76, 2, 67, 6, 402, 1, 71, 5, 76, 1, 75, 5, 80, 1, 79, 9, 88, 1, 10, 83, 93, 1, 87, 10, 97, 1, 91, 9, 100, 1, 10, 95, 105, 1, 10, 99, 109, 2, 103, 10, 107, 1, 107, 9, 111, 2, 6, 111, 115, 1, 5, 115, 119, 2, 119, 13, 123, 1, 6, 123, 127, 2, 9, 127, 131, 1, 131, 5, 135, 1, 135, 13, 139, 1, 139, 10, 143, 1, 2, 143, 147, 1, 147, 10, 0, 99, 2, 0, 14, 0]
index 104 opCode 2
	multiply_index_1 105 multiply_index_value_1 103 
	multiply_index_2 106 multiply_index_value_2 10 
	destination_index 107 destination_value 107 
[1, 12, 2, 5, 1, 1, 2, 3, 1, 3, 4, 3, 1, 5, 0, 3, 2, 13, 1, 13, 1, 10, 19, 29, 1, 23, 9, 32, 1, 5, 27, 32, 2, 31, 13, 403, 1, 35, 5, 40, 1, 39, 5, 44, 2, 13, 43, 559, 2, 47, 10, 470, 1, 51, 6, 57, 2, 55, 9, 495, 1, 59, 5, 64, 1, 63, 13, 76, 2, 67, 6, 402, 1, 71, 5, 76, 1, 75, 5, 80, 1, 79, 9, 88, 1, 10, 83, 93, 1, 87, 10, 97, 1, 91, 9, 100, 1, 10, 95, 105, 1, 10, 99, 109, 2, 103, 10, 1030, 1, 107, 9, 111, 2, 6, 111, 115, 1, 5, 115, 119, 2, 119, 13, 123, 1, 6, 123, 127, 2, 9, 127, 131, 1, 131, 5, 135, 1, 135, 13, 139, 1, 139, 10, 143, 1, 2, 143, 147, 1, 147, 10, 0, 99, 2, 0, 14, 0]
index 108 opCode 1
	add_index_1 109 add_index_value_1 107 
	add_index_2 110 add_index_value_2 9 
	added destination_value 116 destination_index 111 
[1, 12, 2, 5, 1, 1, 2, 3, 1, 3, 4, 3, 1, 5, 0, 3, 2, 13, 1, 13, 1, 10, 19, 29, 1, 23, 9, 32, 1, 5, 27, 32, 2, 31, 13, 403, 1, 35, 5, 40, 1, 39, 5, 44, 2, 13, 43, 559, 2, 47, 10, 470, 1, 51, 6, 57, 2, 55, 9, 495, 1, 59, 5, 64, 1, 63, 13, 76, 2, 67, 6, 402, 1, 71, 5, 76, 1, 75, 5, 80, 1, 79, 9, 88, 1, 10, 83, 93, 1, 87, 10, 97, 1, 91, 9, 100, 1, 10, 95, 105, 1, 10, 99, 109, 2, 103, 10, 1030, 1, 107, 9, 116, 2, 6, 111, 115, 1, 5, 115, 119, 2, 119, 13, 123, 1, 6, 123, 127, 2, 9, 127, 131, 1, 131, 5, 135, 1, 135, 13, 139, 1, 139, 10, 143, 1, 2, 143, 147, 1, 147, 10, 0, 99, 2, 0, 14, 0]
index 112 opCode 2
	multiply_index_1 113 multiply_index_value_1 6 
	multiply_index_2 114 multiply_index_value_2 111 
	destination_index 115 destination_value 115 
[1, 12, 2, 5, 1, 1, 2, 3, 1, 3, 4, 3, 1, 5, 0, 3, 2, 13, 1, 13, 1, 10, 19, 29, 1, 23, 9, 32, 1, 5, 27, 32, 2, 31, 13, 403, 1, 35, 5, 40, 1, 39, 5, 44, 2, 13, 43, 559, 2, 47, 10, 470, 1, 51, 6, 57, 2, 55, 9, 495, 1, 59, 5, 64, 1, 63, 13, 76, 2, 67, 6, 402, 1, 71, 5, 76, 1, 75, 5, 80, 1, 79, 9, 88, 1, 10, 83, 93, 1, 87, 10, 97, 1, 91, 9, 100, 1, 10, 95, 105, 1, 10, 99, 109, 2, 103, 10, 1030, 1, 107, 9, 116, 2, 6, 111, 666, 1, 5, 115, 119, 2, 119, 13, 123, 1, 6, 123, 127, 2, 9, 127, 131, 1, 131, 5, 135, 1, 135, 13, 139, 1, 139, 10, 143, 1, 2, 143, 147, 1, 147, 10, 0, 99, 2, 0, 14, 0]
index 116 opCode 1
	add_index_1 117 add_index_value_1 5 
	add_index_2 118 add_index_value_2 115 
	added destination_value 120 destination_index 119 
[1, 12, 2, 5, 1, 1, 2, 3, 1, 3, 4, 3, 1, 5, 0, 3, 2, 13, 1, 13, 1, 10, 19, 29, 1, 23, 9, 32, 1, 5, 27, 32, 2, 31, 13, 403, 1, 35, 5, 40, 1, 39, 5, 44, 2, 13, 43, 559, 2, 47, 10, 470, 1, 51, 6, 57, 2, 55, 9, 495, 1, 59, 5, 64, 1, 63, 13, 76, 2, 67, 6, 402, 1, 71, 5, 76, 1, 75, 5, 80, 1, 79, 9, 88, 1, 10, 83, 93, 1, 87, 10, 97, 1, 91, 9, 100, 1, 10, 95, 105, 1, 10, 99, 109, 2, 103, 10, 1030, 1, 107, 9, 116, 2, 6, 111, 666, 1, 5, 115, 120, 2, 119, 13, 123, 1, 6, 123, 127, 2, 9, 127, 131, 1, 131, 5, 135, 1, 135, 13, 139, 1, 139, 10, 143, 1, 2, 143, 147, 1, 147, 10, 0, 99, 2, 0, 14, 0]
index 120 opCode 2
	multiply_index_1 121 multiply_index_value_1 119 
	multiply_index_2 122 multiply_index_value_2 13 
	destination_index 123 destination_value 123 
[1, 12, 2, 5, 1, 1, 2, 3, 1, 3, 4, 3, 1, 5, 0, 3, 2, 13, 1, 13, 1, 10, 19, 29, 1, 23, 9, 32, 1, 5, 27, 32, 2, 31, 13, 403, 1, 35, 5, 40, 1, 39, 5, 44, 2, 13, 43, 559, 2, 47, 10, 470, 1, 51, 6, 57, 2, 55, 9, 495, 1, 59, 5, 64, 1, 63, 13, 76, 2, 67, 6, 402, 1, 71, 5, 76, 1, 75, 5, 80, 1, 79, 9, 88, 1, 10, 83, 93, 1, 87, 10, 97, 1, 91, 9, 100, 1, 10, 95, 105, 1, 10, 99, 109, 2, 103, 10, 1030, 1, 107, 9, 116, 2, 6, 111, 666, 1, 5, 115, 120, 2, 119, 13, 1547, 1, 6, 123, 127, 2, 9, 127, 131, 1, 131, 5, 135, 1, 135, 13, 139, 1, 139, 10, 143, 1, 2, 143, 147, 1, 147, 10, 0, 99, 2, 0, 14, 0]
index 124 opCode 1
	add_index_1 125 add_index_value_1 6 
	add_index_2 126 add_index_value_2 123 
	added destination_value 129 destination_index 127 
[1, 12, 2, 5, 1, 1, 2, 3, 1, 3, 4, 3, 1, 5, 0, 3, 2, 13, 1, 13, 1, 10, 19, 29, 1, 23, 9, 32, 1, 5, 27, 32, 2, 31, 13, 403, 1, 35, 5, 40, 1, 39, 5, 44, 2, 13, 43, 559, 2, 47, 10, 470, 1, 51, 6, 57, 2, 55, 9, 495, 1, 59, 5, 64, 1, 63, 13, 76, 2, 67, 6, 402, 1, 71, 5, 76, 1, 75, 5, 80, 1, 79, 9, 88, 1, 10, 83, 93, 1, 87, 10, 97, 1, 91, 9, 100, 1, 10, 95, 105, 1, 10, 99, 109, 2, 103, 10, 1030, 1, 107, 9, 116, 2, 6, 111, 666, 1, 5, 115, 120, 2, 119, 13, 1547, 1, 6, 123, 129, 2, 9, 127, 131, 1, 131, 5, 135, 1, 135, 13, 139, 1, 139, 10, 143, 1, 2, 143, 147, 1, 147, 10, 0, 99, 2, 0, 14, 0]
index 128 opCode 2
	multiply_index_1 129 multiply_index_value_1 9 
	multiply_index_2 130 multiply_index_value_2 127 
	destination_index 131 destination_value 131 
[1, 12, 2, 5, 1, 1, 2, 3, 1, 3, 4, 3, 1, 5, 0, 3, 2, 13, 1, 13, 1, 10, 19, 29, 1, 23, 9, 32, 1, 5, 27, 32, 2, 31, 13, 403, 1, 35, 5, 40, 1, 39, 5, 44, 2, 13, 43, 559, 2, 47, 10, 470, 1, 51, 6, 57, 2, 55, 9, 495, 1, 59, 5, 64, 1, 63, 13, 76, 2, 67, 6, 402, 1, 71, 5, 76, 1, 75, 5, 80, 1, 79, 9, 88, 1, 10, 83, 93, 1, 87, 10, 97, 1, 91, 9, 100, 1, 10, 95, 105, 1, 10, 99, 109, 2, 103, 10, 1030, 1, 107, 9, 116, 2, 6, 111, 666, 1, 5, 115, 120, 2, 119, 13, 1547, 1, 6, 123, 129, 2, 9, 127, 1143, 1, 131, 5, 135, 1, 135, 13, 139, 1, 139, 10, 143, 1, 2, 143, 147, 1, 147, 10, 0, 99, 2, 0, 14, 0]
index 132 opCode 1
	add_index_1 133 add_index_value_1 131 
	add_index_2 134 add_index_value_2 5 
	added destination_value 136 destination_index 135 
[1, 12, 2, 5, 1, 1, 2, 3, 1, 3, 4, 3, 1, 5, 0, 3, 2, 13, 1, 13, 1, 10, 19, 29, 1, 23, 9, 32, 1, 5, 27, 32, 2, 31, 13, 403, 1, 35, 5, 40, 1, 39, 5, 44, 2, 13, 43, 559, 2, 47, 10, 470, 1, 51, 6, 57, 2, 55, 9, 495, 1, 59, 5, 64, 1, 63, 13, 76, 2, 67, 6, 402, 1, 71, 5, 76, 1, 75, 5, 80, 1, 79, 9, 88, 1, 10, 83, 93, 1, 87, 10, 97, 1, 91, 9, 100, 1, 10, 95, 105, 1, 10, 99, 109, 2, 103, 10, 1030, 1, 107, 9, 116, 2, 6, 111, 666, 1, 5, 115, 120, 2, 119, 13, 1547, 1, 6, 123, 129, 2, 9, 127, 1143, 1, 131, 5, 136, 1, 135, 13, 139, 1, 139, 10, 143, 1, 2, 143, 147, 1, 147, 10, 0, 99, 2, 0, 14, 0]
index 136 opCode 1
	add_index_1 137 add_index_value_1 135 
	add_index_2 138 add_index_value_2 13 
	added destination_value 148 destination_index 139 
[1, 12, 2, 5, 1, 1, 2, 3, 1, 3, 4, 3, 1, 5, 0, 3, 2, 13, 1, 13, 1, 10, 19, 29, 1, 23, 9, 32, 1, 5, 27, 32, 2, 31, 13, 403, 1, 35, 5, 40, 1, 39, 5, 44, 2, 13, 43, 559, 2, 47, 10, 470, 1, 51, 6, 57, 2, 55, 9, 495, 1, 59, 5, 64, 1, 63, 13, 76, 2, 67, 6, 402, 1, 71, 5, 76, 1, 75, 5, 80, 1, 79, 9, 88, 1, 10, 83, 93, 1, 87, 10, 97, 1, 91, 9, 100, 1, 10, 95, 105, 1, 10, 99, 109, 2, 103, 10, 1030, 1, 107, 9, 116, 2, 6, 111, 666, 1, 5, 115, 120, 2, 119, 13, 1547, 1, 6, 123, 129, 2, 9, 127, 1143, 1, 131, 5, 136, 1, 135, 13, 148, 1, 139, 10, 143, 1, 2, 143, 147, 1, 147, 10, 0, 99, 2, 0, 14, 0]
index 140 opCode 1
	add_index_1 141 add_index_value_1 139 
	add_index_2 142 add_index_value_2 10 
	added destination_value 149 destination_index 143 
[1, 12, 2, 5, 1, 1, 2, 3, 1, 3, 4, 3, 1, 5, 0, 3, 2, 13, 1, 13, 1, 10, 19, 29, 1, 23, 9, 32, 1, 5, 27, 32, 2, 31, 13, 403, 1, 35, 5, 40, 1, 39, 5, 44, 2, 13, 43, 559, 2, 47, 10, 470, 1, 51, 6, 57, 2, 55, 9, 495, 1, 59, 5, 64, 1, 63, 13, 76, 2, 67, 6, 402, 1, 71, 5, 76, 1, 75, 5, 80, 1, 79, 9, 88, 1, 10, 83, 93, 1, 87, 10, 97, 1, 91, 9, 100, 1, 10, 95, 105, 1, 10, 99, 109, 2, 103, 10, 1030, 1, 107, 9, 116, 2, 6, 111, 666, 1, 5, 115, 120, 2, 119, 13, 1547, 1, 6, 123, 129, 2, 9, 127, 1143, 1, 131, 5, 136, 1, 135, 13, 148, 1, 139, 10, 149, 1, 2, 143, 147, 1, 147, 10, 0, 99, 2, 0, 14, 0]
index 144 opCode 1
	add_index_1 145 add_index_value_1 2 
	add_index_2 146 add_index_value_2 143 
	added destination_value 145 destination_index 147 
[1, 12, 2, 5, 1, 1, 2, 3, 1, 3, 4, 3, 1, 5, 0, 3, 2, 13, 1, 13, 1, 10, 19, 29, 1, 23, 9, 32, 1, 5, 27, 32, 2, 31, 13, 403, 1, 35, 5, 40, 1, 39, 5, 44, 2, 13, 43, 559, 2, 47, 10, 470, 1, 51, 6, 57, 2, 55, 9, 495, 1, 59, 5, 64, 1, 63, 13, 76, 2, 67, 6, 402, 1, 71, 5, 76, 1, 75, 5, 80, 1, 79, 9, 88, 1, 10, 83, 93, 1, 87, 10, 97, 1, 91, 9, 100, 1, 10, 95, 105, 1, 10, 99, 109, 2, 103, 10, 1030, 1, 107, 9, 116, 2, 6, 111, 666, 1, 5, 115, 120, 2, 119, 13, 1547, 1, 6, 123, 129, 2, 9, 127, 1143, 1, 131, 5, 136, 1, 135, 13, 148, 1, 139, 10, 149, 1, 2, 143, 145, 1, 147, 10, 0, 99, 2, 0, 14, 0]
index 148 opCode 1
	add_index_1 149 add_index_value_1 147 
	add_index_2 150 add_index_value_2 10 
	added destination_value 157 destination_index 0 
[157, 12, 2, 5, 1, 1, 2, 3, 1, 3, 4, 3, 1, 5, 0, 3, 2, 13, 1, 13, 1, 10, 19, 29, 1, 23, 9, 32, 1, 5, 27, 32, 2, 31, 13, 403, 1, 35, 5, 40, 1, 39, 5, 44, 2, 13, 43, 559, 2, 47, 10, 470, 1, 51, 6, 57, 2, 55, 9, 495, 1, 59, 5, 64, 1, 63, 13, 76, 2, 67, 6, 402, 1, 71, 5, 76, 1, 75, 5, 80, 1, 79, 9, 88, 1, 10, 83, 93, 1, 87, 10, 97, 1, 91, 9, 100, 1, 10, 95, 105, 1, 10, 99, 109, 2, 103, 10, 1030, 1, 107, 9, 116, 2, 6, 111, 666, 1, 5, 115, 120, 2, 119, 13, 1547, 1, 6, 123, 129, 2, 9, 127, 1143, 1, 131, 5, 136, 1, 135, 13, 148, 1, 139, 10, 149, 1, 2, 143, 145, 1, 147, 10, 0, 99, 2, 0, 14, 0]
breaking after 152 times
157
